Amino acid	Atom name	C	H	Multip.	TOCSY	all_ROESY
Leu1	1		-		-	-
	2	53.5	4.01		0.80, 0.86, 1.49, 1.66, 1.74, 7.64	7.87
	2-NH		7.64		0.80, 0.86, 1.49, 1.66, 1.74, 4.01	4.50, 7.14, 7.87
	3	39.1	1.74		0.80, 0.86, 1.49, 1.66, 4.01, 7.64	-
			1.49		0.80, 0.86, 1.66, 1.74, 4.01, 7.64	-
	4	24.2	1.66		0.80, 0.86, 1.49, 1.74, 4.01, 7.64	-
	5a	23.0	0.86		0.80, 1.49, 1.66, 1.74, 4.01, 7.64	-
	5b		0.80		0.86, 1.49, 1.66, 1.74, 4.01, 7.64	-
Leu2	1		-		-	-
	2	50.1	4.50		0.78, 1.13, 1.44, 1.80, 7.14	7.64
	2-NH		7.14		0.78, 1.13, 1.44, 1.80, 4.50	4.13, 7.64, 7.87
	3	39.4	1.80		0.78, 1.13, 1.44, 4.50, 7.14	-
			1.13		0.78, 1.44, 1.80, 4.50, 7.14	-
	4	24.5	1.44		0.78, 1.13, 1.80, 4.50, 7.14	-
	5a		0.78		1.13, 1.44, 1.80, 4.50, 7.14	-
	5b		-		-	-
Me-Asp3	1		-		-	-
	2		4.12		0.89, 7.87	-
	2-NH		7.87		0.89, 4.12	4.01, 7.14, 7.64
	3		-		-	-
	3-Me	15.1	0.89		4.12, 7.87	-
	4	178.5	-		-	-
Arg4	1		-		-	-
	2	51.6	4.13		1.29, 1.37, 1.97, 3.01, 7.37, 8.83	7.14
	2-NH		8.83		1.30, 1.37, 4.13	3.12, 7.75
	3	28.4	1.97		1.30, 1.37, 3.01, 4.13, 7.37	-
			1.29		4.13	-
	4	25.9	1.37		1.97, 3.01, 4.13, 7.37, 8.83	-
			1.30		1.97, 3.01, 7.37, 8.83	-
	5	40.5	3.01		1.30, 1.37, 1.97, 4.13, 7.37	-
	5-NH		7.37		1.30, 1.37, 1.97, 3.01, 4.13	-
Adda5	1	174.0	-		-	-
	2		2.78		0.92, 4.36, 6.09, 7.75	9.28
	2-Me	16.1	0.92		2.78, 4.36, 6.09, 7.75	-
	3		4.36		0.92, 2.78, 5.32, 6.09, 7.75	-
	3-NH		7.75		0.92, 2.78, 4.36, 6.09	8.83
	4		5.32		4.36, 6.09	1.55
	5	135.4	6.09		0.92, 2.78, 4.36, 5.32, 7.75	1.55
	6	132.0	-		-	-
	6-Me	12.5	1.55		5.45	5.32, 6.09
	7	135.3	5.45		1.55	-
	8	35.3	2.56		-	-
	8-Me	15.8	0.98		-	-
	9	85.8	3.25		-	7.19
	9-OMe	57.4	3.19		-	-
	10	37.0	2.74		-	-
			2.68		-	-
	11	139.2	-		-	-
	12	129.3	7.19		-	3.25
	13	128.1	7.27		-	-
	14	125.9	7.18		-	-
Glu6	1		-		-	-
	2		4.35		1.87, 2.23, 2.30, 9.28	-
	2-NH		9.28		4.35	2.78
	3		1.74		2.23, 2.30	-
	4	31.2	2.23		1.74, 1.87, 2.30, 4.35	3.12
			2.30		1.74, 1.87, 2.23, 4.35	3.12
	5	175.1	-		-	-
Mdha7	1	163.1	-		-	-
	2	144.8	-		-	-
	2-N-Me	37.3	3.12		-	2.23, 2.30, 5.39, 8.83
	3	113.9	5.81		-	5.39
			5.39		-	3.12, 5.81
